2475.97142 2.35739
2483.01868 2.35741
2460.07060 2.36541
2459.55201 2.36235
2488.30930 2.36769
2523.20789 2.37206
2459.76285 2.35747
2503.41243 2.35187
2465.73268 2.37761
2631.70173 2.30552
2600.33798 2.31217
2427.11806 2.39831
2495.98105 2.35860
2463.54259 2.36739
2483.13732 2.35390
2404.90339 2.37389
2444.06444 2.35509
2453.83343 2.39083
2466.59034 2.35484
2485.96015 2.36684
2565.41844 2.37997
2549.76709 2.38210
2566.35751 2.38989
2514.09204 2.37998
2558.76845 2.37337
2577.85811 2.42213
2581.04522 2.39444
2528.75636 2.38541
2559.39215 2.38501
2532.86174 2.31900
2622.37042 2.12509
2520.72054 2.32589
2561.46940 2.37369
2708.23193 2.20195
2497.71791 2.37704
2507.57652 2.38007
2493.83592 2.38408
2548.85518 2.39649
2573.05538 2.40618
2582.08223 2.40588
2586.36175 2.40883
2602.61793 2.42239
2564.15466 2.39324
2555.51263 2.38948
2597.07580 2.40607
2644.72217 2.41716
2633.58925 2.41473
2564.93776 2.41706
2545.12726 2.39007
2576.94670 2.39516
2560.16885 2.38778
2566.23631 2.39501
2568.79394 2.39774
2558.72235 2.38941
2530.36280 2.39373
2559.95960 2.39683
2576.62731 2.39353
2544.17210 2.38149
2534.84045 2.37103
2547.12013 2.38638
2531.51197 2.38228
2493.55167 2.36826
2503.59427 2.37187
2562.21448 2.37915
2590.67911 2.37184
2593.65401 2.38407
2541.12155 2.39551
2922.21313 2.21210
2889.69002 2.19817
2749.35834 2.19198
2711.62832 2.19809
2763.68640 2.13522
2824.75052 2.12038
2823.30506 2.20401
2816.62230 2.18444
2530.36647 2.36528
2551.12983 2.31760
2918.92281 2.11799
2711.91136 2.11713
2787.24249 2.12176
2660.02477 2.15533
2503.35361 2.19799
2815.00510 2.23309
2848.02436 2.19291
2496.90204 2.27749
2581.11278 2.29014
2948.69583 2.17358
2731.47179 2.19945
2712.81171 2.17473
2520.32707 2.37066
2571.04305 2.36508
2505.98840 2.39255
2541.88372 2.36382
2492.01461 2.38206
2701.27757 2.27389
2724.41301 2.20411
2755.73786 2.24235
2854.79710 2.25426
2723.89274 2.20888
2802.38847 2.20788
3015.73649 2.13563
3083.50254 2.11081
3107.74666 2.14432
2851.14824 2.17144
2959.60508 2.20754
3049.68787 2.21722
2987.64692 2.13526
3031.54450 2.15580
3028.51954 2.14029
3024.23177 2.15698
3241.29641 2.15144
3133.72661 2.15383
3028.34799 2.10484
2870.77144 2.08735
2829.11269 2.11272
2849.51632 2.11885
2955.56672 2.10389
2943.67676 2.12754
2765.57270 2.11276
2714.37367 2.11513
2765.19898 2.19775
2961.38648 2.21076
2854.78493 2.21145
2705.37032 2.25742
2787.73204 2.19333
2831.72345 2.11054
2935.40662 2.19170
2921.55682 2.20933
2794.37810 2.23773
2933.58946 2.21964
2944.12986 2.22072
2751.07959 2.24401
2611.09470 2.34919
2511.12143 2.39502
2798.93280 2.26192
3019.67113 2.18980
2937.76938 2.18126
2822.70681 2.20284
2907.31112 2.11837
2916.19234 2.16995
2988.32071 2.27385
2926.49873 2.16308
2952.38205 2.10668
2947.76617 2.09676
2896.02178 2.11289
2798.97413 2.27853
2796.32545 2.19929
2935.26097 2.17875
2787.87216 2.29230
2513.49946 2.37573
2668.27145 2.33045
2609.48894 2.20415
2658.02811 2.23566
2703.15324 2.18996
2435.48377 2.12085
2823.99198 2.18437
3073.40454 2.14009
2910.73753 2.16309
2751.56735 2.19878
2671.98465 2.29123
2546.31595 2.31684
2641.96638 2.18136
2606.59046 2.25358
2695.45677 2.18480
2617.29393 2.32443
2671.38978 2.33757
2644.37864 2.22801
2641.56769 2.23246
2637.57468 2.30861
2654.67511 2.30865
2751.48570 2.17547
2636.68450 2.29310
2455.84820 2.19595
2566.53975 2.18973
2825.86343 2.21746
2920.56579 2.18002
2890.46356 2.20705
2823.08259 2.19983
2746.52372 2.26731
2615.00395 2.39185
2631.47201 2.36781
2657.65244 2.39192
2688.77294 2.38576
2683.99224 2.39738
2604.07772 2.38090
2541.92439 2.39329
2534.95564 2.37568
2573.10781 2.38253
2540.30533 2.40466
2554.83832 2.40109
2527.94049 2.42423
2635.30875 2.28751
2934.52946 2.18074
3159.26525 2.28773
2886.29805 2.11872
2708.68319 2.27051
2656.99649 2.32043
2876.08595 2.18257
2857.23325 2.21679
2832.14089 2.23927
2768.60807 2.22982
2850.95284 2.23686
2805.52946 2.25672
2848.01026 2.24705
2906.08509 2.23811
2751.39782 2.23864
2761.66465 2.23690
2990.64229 2.25270
3079.23936 2.32187
3033.93800 2.22927
2978.68122 2.07217
2848.66710 2.11849
3067.47108 2.12307
3051.45754 2.15188
3301.34727 2.14857
3161.71627 2.14725
2910.00111 2.14655
3041.16813 2.17070
3033.56664 2.16086
2737.06750 2.15828
2903.03017 2.15144
3080.55032 2.14127
2966.09160 2.12101
2963.49676 2.18506
2600.54138 2.16536
2554.74225 2.23388
2807.86357 2.24234
2823.15210 2.21998
3066.45911 2.25415
3413.20641 2.31379
3000.28369 2.25093
2716.39412 2.17736
2749.74383 2.14585
2708.39844 2.17006
2537.57515 2.13392
2529.88091 2.09132
2702.99256 2.13687
2640.86353 2.32726
2531.93545 2.36071
2585.65085 2.35120
2822.39080 2.19031
3029.88843 2.16419
3105.90324 2.28450
3226.56001 2.31567
3092.06977 2.33978
3318.37922 2.36394
3272.86678 2.29367
3291.24609 2.31864
3060.09129 2.22395
3086.95759 2.22371
2969.62296 2.20892
3029.47770 2.25310
3238.78525 2.31500
3558.64245 2.40343
3132.77513 2.24177
3148.79251 2.23733
3149.56226 2.22539
3205.85814 2.30054
3448.00595 2.36903
3320.09547 2.32815
3272.71249 2.36800
3229.63460 2.38604
3169.91175 2.30558
3120.54612 2.23619
3136.46355 2.24258
3249.87385 2.26735
3169.80110 2.25460
3188.20349 2.23632
3253.56163 2.25744
2976.43923 2.22135
3012.30475 2.19483
3301.48458 2.24030
3159.16247 2.23946
3224.70628 2.26112
3361.88341 2.30186
3190.08282 2.24106
3209.23148 2.31383
2569.21222 2.39837
2717.72820 2.38627
2620.70980 2.38675
2625.79219 2.38966
2602.01673 2.40273
2667.53895 2.41317
2667.06577 2.40832
2674.09179 2.39905
2649.21810 2.38959
2675.00715 2.39118
2657.55697 2.39905
2679.56511 2.40656
2698.20849 2.41579
2754.54156 2.40636
2768.50520 2.40670
2750.29447 2.40469
2782.32331 2.40679
2776.00865 2.40908
2739.46518 2.39748
2717.38282 2.40603
2708.92757 2.41637
2719.76824 2.41374
2699.68579 2.37919
2643.88987 2.37596
2671.73926 2.39259
2630.08667 2.39303
2958.08161 2.33202
3020.69812 2.35291
2603.53994 2.42089
3169.45398 2.30158
2949.65608 2.33190
2634.06577 2.39946
2723.28864 2.39573
2737.34918 2.38719
2791.38486 2.37484
2766.21839 2.38426
2723.86510 2.37672
2679.68446 2.37881
2853.77757 2.35694
2775.81822 2.38696
2678.01130 2.39486
2701.82622 2.38201
2667.71486 2.42628
2715.37964 2.41732
2732.45440 2.41597
2715.45314 2.40889
2689.67005 2.41399
2715.57731 2.41254
2755.40175 2.41283
2776.23488 2.40002
2760.88313 2.40527
2766.24574 2.40676
2708.20475 2.40450
2734.71301 2.38831
2708.30546 2.38105
2673.86126 2.39765
2712.20281 2.39174
2727.52396 2.39521
2694.67052 2.40435
2689.43037 2.40575
2662.14788 2.37686
2626.30050 2.39793
2635.59310 2.38875
2673.90214 2.39153
2659.69992 2.41310
2611.59810 2.41096
2653.37798 2.41716
2644.78876 2.40756
2672.73981 2.39807
2660.42228 2.41374
2655.62176 2.40738
2616.82099 2.40266
2666.34847 2.40815
