7.694598626706419938e-23
5.573000022720691210e-22
3.878111931746960677e-21
2.592864701100370776e-20
1.665588032379928980e-19
1.027977357166891652e-18
6.095758129562418046e-18
3.472962748566208186e-17
1.901081537907963696e-16
9.998378748497179351e-16
5.052271083536892732e-15
2.452855285696432366e-14
1.144156490180136963e-13
5.127753636796662942e-13
2.207989963137154995e-12
9.134720408364593641e-12
3.630961501791800442e-11
1.386679994165317212e-10
5.088140281645038874e-10
1.793783907964092234e-09
6.075882849823286087e-09
1.977319640624467183e-08
6.182620500165857294e-08
1.857361844555299735e-07
5.361035344697642056e-07
1.486719514734297678e-06
3.961299091032075305e-06
1.014085206548675833e-05
2.494247129005362003e-05
5.894306775654005822e-05
1.338302257648853676e-04
2.919469257914602709e-04
6.119019301137729834e-04
1.232219168473021017e-03
2.384088201464848629e-03
4.431848411938007527e-03
7.915451582979968551e-03
1.358296923368563364e-02
2.239453029484293062e-02
3.547459284623148690e-02
5.399096651318806284e-02
7.895015830089430198e-02
1.109208346794556266e-01
1.497274656357447942e-01
1.941860549832131189e-01
2.419707245191433653e-01
2.896915527614830066e-01
3.332246028917997260e-01
3.682701403033235565e-01
3.910426939754559905e-01
3.989422804014327029e-01
3.910426939754558240e-01
3.682701403033232790e-01
3.332246028917993930e-01
2.896915527614825625e-01
2.419707245191433653e-01
1.941860549832127025e-01
1.497274656357447942e-01
1.109208346794553213e-01
7.895015830089406605e-02
5.399096651318806284e-02
3.547459284623136200e-02
2.239453029484288205e-02
1.358296923368556598e-02
7.915451582979945999e-03
4.431848411938007527e-03
2.384088201464834317e-03
1.232219168473017547e-03
6.119019301137691887e-04
2.919469257914595120e-04
1.338302257648853676e-04
5.894306775653964487e-05
2.494247129005353533e-05
1.014085206548667024e-05
3.961299091032060905e-06
1.486719514734297678e-06
5.361035344697594411e-07
1.857361844555289676e-07
6.182620500165791119e-08
1.977319640624460235e-08
6.075882849823286087e-09
1.793783907964092234e-09
5.088140281644984073e-10
1.386679994165302478e-10
3.630961501791775238e-11
9.134720408364593641e-12
2.207989963137154995e-12
5.127753636796590241e-13
1.144156490180124846e-13
2.452855285696415326e-14
5.052271083536892732e-15
9.998378748497179351e-16
1.901081537907937071e-16
3.472962748566158266e-17
6.095758129562418046e-18
1.027977357166891652e-18
1.665588032379869757e-19
2.592864701100334063e-20
3.878111931746906510e-21
5.573000022720691210e-22
7.694598626706419938e-23
