0.000000000000000000e+00
1.425374299287796021e-03
-2.948578214272856712e-03
-7.526554400101304054e-04
6.940999068319797516e-03
7.885641418397426605e-03
-1.581665873527526855e-02
7.605627644807100296e-03
-2.140371361747384071e-03
1.717437244951725006e-02
-4.554486367851495743e-03
-1.617809198796749115e-02
5.640506744384765625e-03
-4.680784419178962708e-03
1.103953691199421883e-03
-1.177779771387577057e-02
4.100850317627191544e-03
9.525077417492866516e-03
-4.991205409169197083e-03
6.452441215515136719e-03
1.849532686173915863e-02
-2.612509299069643021e-03
4.875167738646268845e-03
-1.236491743475198746e-02
7.416441105306148529e-03
1.388373970985412598e-02
-5.131170619279146194e-03
-1.212194841355085373e-02
5.937123205512762070e-03
-1.924123242497444153e-02
-2.629049308598041534e-02
2.537192590534687042e-02
1.818762905895709991e-02
-9.693397209048271179e-03
-2.202946227043867111e-03
2.606571186333894730e-03
-1.905629877001047134e-03
1.350624859333038330e-02
6.742383353412151337e-03
1.688712509348988533e-03
1.440714462660253048e-03
5.939506459981203079e-03
-1.349697355180978775e-02
-2.474113134667277336e-03
1.152556389570236206e-02
1.138876937329769135e-02
-2.612080192193388939e-03
-1.272383425384759903e-02
-9.491132572293281555e-03
7.275870069861412048e-03
-4.808958154171705246e-03
2.695223549380898476e-03
1.067670993506908417e-03
-3.704260103404521942e-03
-4.669483285397291183e-03
6.461455952376127243e-03
2.555940998718142509e-03
-8.859201334416866302e-03
-4.038228187710046768e-03
5.642835982143878937e-03
-3.933051601052284241e-03
-1.050523854792118073e-02
2.771272091194987297e-03
1.310380268841981888e-02
3.985450137406587601e-03
3.145317547023296356e-03
-7.837380282580852509e-03
3.003187105059623718e-02
-8.754330687224864960e-03
-2.629477716982364655e-02
-5.517234560102224350e-03
-5.001499783247709274e-03
7.440006360411643982e-03
1.908333785831928253e-02
-5.644339136779308319e-03
-1.381780300289392471e-02
-6.095921155065298080e-03
2.230314910411834717e-02
-3.696667775511741638e-02
1.479067187756299973e-02
-1.550845894962549210e-02
-2.054947987198829651e-02
6.648968160152435303e-02
-3.247682703658938408e-03
-4.683082178235054016e-02
1.935197599232196808e-02
4.043044894933700562e-02
-3.233405575156211853e-02
-9.078583680093288422e-03
6.333381403237581253e-03
8.782982826232910156e-03
-7.040204945951700211e-03
1.070787082426249981e-03
-6.063595414161682129e-03
1.707820966839790344e-02
-1.131957489997148514e-02
1.431549433618783951e-02
2.030363492667675018e-02
-3.362477198243141174e-02
1.397768780589103699e-02
2.004775032401084900e-02
5.266039166599512100e-03
1.179071329534053802e-02
-3.678748011589050293e-02
2.690466865897178650e-02
1.717777922749519348e-02
-2.910124883055686951e-02
1.207919698208570480e-02
-4.109423141926527023e-03
3.175470279529690742e-03
3.335988149046897888e-02
-1.631862297654151917e-02
-2.859914302825927734e-02
-3.088048659265041351e-02
-1.268368097953498363e-03
5.041665863245725632e-03
1.472674217075109482e-02
3.573719644919037819e-03
-3.467754647135734558e-02
-8.782469667494297028e-03
2.842693589627742767e-02
3.720642253756523132e-02
-1.817249879240989685e-02
-1.659025624394416809e-02
5.939324619248509407e-04
-1.140948198735713959e-02
3.683042526245117188e-02
1.641253824345767498e-03
-1.586588099598884583e-02
2.024730294942855835e-02
2.036550547927618027e-03
-2.868560515344142914e-02
-3.208854002878069878e-03
-9.859241545200347900e-03
2.565994858741760254e-02
2.174956724047660828e-02
-1.570114493370056152e-02
-1.505363732576370239e-02
-4.784052260220050812e-03
1.355284079909324646e-02
3.558652848005294800e-02
-3.540826961398124695e-02
-8.806938305497169495e-03
-3.142282599583268166e-03
-5.023093428462743759e-03
2.069142274558544159e-02
-1.816931925714015961e-02
1.955097354948520660e-02
-3.567255043890327215e-04
-3.391372784972190857e-02
2.025296539068222046e-02
-3.897821158170700073e-02
1.631090417504310608e-02
-1.909369952045381069e-03
-6.806451082229614258e-02
8.852589875459671021e-02
3.206641972064971924e-02
-2.184128016233444214e-02
-1.993282139301300049e-02
5.918396636843681335e-03
-1.852717250585556030e-02
-1.168933045119047165e-02
9.545309469103813171e-03
1.264371443539857864e-03
1.626047678291797638e-02
1.304677315056324005e-02
-2.907471731305122375e-02
4.658779944293200970e-04
1.601299829781055450e-02
3.239889163523912430e-03
-1.179916877299547195e-02
5.020524840801954269e-03
-5.710778385400772095e-02
2.062198705971240997e-02
5.436613783240318298e-02
7.967370562255382538e-03
9.811371564865112305e-04
-1.343131344765424728e-02
1.360275549814105034e-03
2.201348543167114258e-03
-1.911940868012607098e-03
1.001503318548202515e-02
4.531517624855041504e-03
1.539554796181619167e-03
-1.856022514402866364e-02
-9.483069181442260742e-03
-5.065243225544691086e-03
8.908573538064956665e-03
-1.792294671759009361e-03
2.109430264681577682e-03
-4.964159452356398106e-04
-8.227146230638027191e-03
2.986474893987178802e-02
6.076903268694877625e-02
-8.336236327886581421e-02
2.840031869709491730e-03
1.240936690010130405e-03
8.992009796202182770e-03
4.490231163799762726e-03
6.344744469970464706e-04
-1.345780584961175919e-02
1.622896641492843628e-02
-3.610793966799974442e-03
5.366987083107233047e-03
8.099739439785480499e-03
-2.722381427884101868e-02
1.473516575060784817e-03
4.331939667463302612e-02
2.971017733216285706e-02
-2.775284089148044586e-02
-4.569742828607559204e-02
-1.126067806035280228e-02
3.806256502866744995e-02
4.122277721762657166e-03
3.856681287288665771e-02
-2.191160619258880615e-02
-4.161972925066947937e-02
2.763099409639835358e-02
-3.523034742102026939e-03
-5.197647958993911743e-02
2.783974446356296539e-02
2.730062790215015411e-02
-2.368047088384628296e-02
1.443686056882143021e-02
-6.974011659622192383e-02
6.692471448332071304e-03
4.908679425716400146e-02
-2.295832382515072823e-03
4.893301054835319519e-02
6.652288883924484253e-02
-7.808505743741989136e-02
-6.621890515089035034e-02
-1.187486108392477036e-03
-1.965616364032030106e-03
-4.094838723540306091e-02
-1.160045992583036423e-02
4.383888840675354004e-02
3.103797324001789093e-02
-1.392465364187955856e-02
8.478154428303241730e-03
8.361949585378170013e-03
2.946372330188751221e-02
3.941942378878593445e-02
2.582623250782489777e-02
-1.610761694610118866e-02
4.043221846222877502e-02
-2.198984287679195404e-02
8.213642984628677368e-03
-5.719622969627380371e-02
4.316667094826698303e-03
-2.270822972059249878e-02
1.987666636705398560e-02
4.692087322473526001e-02
6.573902815580368042e-02
-9.822770953178405762e-02
1.558608491905033588e-03
-2.553264144808053970e-03
2.545848675072193146e-02
5.103212222456932068e-02
-2.759755961596965790e-02
1.298690214753150940e-03
-2.830396173521876335e-03
-2.647784911096096039e-02
-2.312307618558406830e-02
3.970640245825052261e-03
2.324829436838626862e-02
-1.529205590486526489e-02
-1.176063204184174538e-03
1.484514214098453522e-02
-5.252110585570335388e-02
-1.635825356061104685e-05
5.602725967764854431e-02
-2.221650630235671997e-02
1.507910061627626419e-02
2.974954992532730103e-02
-3.959079831838607788e-02
1.896760426461696625e-02
-9.300392866134643555e-02
2.556401304900646210e-02
-1.807304099202156067e-02
1.577965798787772655e-03
-1.820643199607729912e-03
1.460156496614217758e-02
-1.094690291211009026e-03
-6.128223612904548645e-04
-6.648048758506774902e-03
5.176284816116094589e-03
-1.629460253752768040e-03
5.686332471668720245e-03
5.380724556744098663e-03
8.375720120966434479e-03
2.598863560706377029e-03
-3.717487445101141930e-03
6.225533317774534225e-03
-6.605467642657458782e-04
-9.038852527737617493e-03
-2.266800031065940857e-03
5.859505617991089821e-04
1.452450989745557308e-03
-1.091387216001749039e-02
-1.112084463238716125e-02
8.726428262889385223e-03
-7.764386944472789764e-03
4.581726714968681335e-02
1.493138168007135391e-02
-5.999459698796272278e-02
7.294411957263946533e-02
-2.938320115208625793e-02
-4.227457568049430847e-02
1.587661169469356537e-02
7.893959991633892059e-04
7.180335465818643570e-03
-2.548947464674711227e-03
-9.298127144575119019e-03
-7.736714091151952744e-03
2.684770338237285614e-02
-7.520664483308792114e-03
-1.628203503787517548e-02
1.736674224957823753e-03
2.854435006156563759e-03
7.004787214100360870e-03
2.854924881830811501e-03
-4.588063806295394897e-03
-3.712664823979139328e-03
4.492549225687980652e-03
7.339335978031158447e-03
1.104520051740109921e-03
-1.679955865256488323e-03
1.279895310290157795e-03
-1.107185333967208862e-02
1.492221839725971222e-03
-6.373748648911714554e-03
-2.926021115854382515e-03
5.884761922061443329e-03
3.541385056450963020e-03
-4.154767841100692749e-03
-6.822121213190257549e-04
-1.113832835108041763e-02
-2.365750726312398911e-03
-1.517947821412235498e-04
7.796730846166610718e-03
1.826666528359055519e-03
-9.568823501467704773e-03
9.219493716955184937e-03
-3.610861487686634064e-03
3.281639423221349716e-03
9.469569195061922073e-04
-2.222186420112848282e-03
-8.340436965227127075e-03
1.051562838256359100e-02
