2.357389926910400391e+00
2.357409954071044922e+00
2.365410089492797852e+00
2.362349987030029297e+00
2.367690086364746094e+00
2.372060060501098633e+00
2.357470035552978516e+00
2.351870059967041016e+00
2.377609968185424805e+00
2.305520057678222656e+00
2.312170028686523438e+00
2.398309946060180664e+00
2.358599901199340820e+00
2.367389917373657227e+00
2.353899955749511719e+00
2.373889923095703125e+00
2.355089902877807617e+00
2.390830039978027344e+00
2.354840040206909180e+00
2.366839885711669922e+00
2.379970073699951172e+00
2.382100105285644531e+00
2.389889955520629883e+00
2.379980087280273438e+00
2.373369932174682617e+00
2.422130107879638672e+00
2.394439935684204102e+00
2.385410070419311523e+00
2.385010004043579102e+00
2.319000005722045898e+00
2.125089883804321289e+00
2.325890064239501953e+00
2.373689889907836914e+00
2.201950073242187500e+00
2.377039909362792969e+00
2.380069971084594727e+00
2.384079933166503906e+00
2.396490097045898438e+00
2.406179904937744141e+00
2.405879974365234375e+00
2.408829927444458008e+00
2.422389984130859375e+00
2.393239974975585938e+00
2.389480113983154297e+00
2.406069993972778320e+00
2.417160034179687500e+00
2.414730072021484375e+00
2.417059898376464844e+00
2.390069961547851562e+00
2.395159959793090820e+00
2.387779951095581055e+00
2.395009994506835938e+00
2.397739887237548828e+00
2.389410018920898438e+00
2.393729925155639648e+00
2.396830081939697266e+00
2.393529891967773438e+00
2.381489992141723633e+00
2.371030092239379883e+00
2.386379957199096680e+00
2.382280111312866211e+00
2.368259906768798828e+00
2.371870040893554688e+00
2.379149913787841797e+00
2.371840000152587891e+00
2.384069919586181641e+00
2.395509958267211914e+00
2.212100028991699219e+00
2.198169946670532227e+00
2.191979885101318359e+00
2.198090076446533203e+00
2.135220050811767578e+00
2.120379924774169922e+00
2.204010009765625000e+00
2.184439897537231445e+00
2.365279912948608398e+00
2.317600011825561523e+00
2.117990016937255859e+00
2.117130041122436523e+00
2.121759891510009766e+00
2.155329942703247070e+00
2.197989940643310547e+00
2.233089923858642578e+00
2.192909955978393555e+00
2.277489900588989258e+00
2.290139913558959961e+00
2.173579931259155273e+00
2.199450016021728516e+00
2.174730062484741211e+00
2.370660066604614258e+00
2.365080118179321289e+00
2.392549991607666016e+00
2.363820075988769531e+00
2.382060050964355469e+00
2.273890018463134766e+00
2.204109907150268555e+00
2.242350101470947266e+00
2.254260063171386719e+00
2.208879947662353516e+00
2.207880020141601562e+00
2.135629892349243164e+00
2.110810041427612305e+00
2.144320011138916016e+00
2.171439886093139648e+00
2.207540035247802734e+00
2.217220067977905273e+00
2.135260105133056641e+00
2.155800104141235352e+00
2.140290021896362305e+00
2.156980037689208984e+00
2.151439905166625977e+00
2.153830051422119141e+00
2.104840040206909180e+00
2.087349891662597656e+00
2.112720012664794922e+00
2.118849992752075195e+00
2.103889942169189453e+00
2.127540111541748047e+00
2.112760066986083984e+00
2.115129947662353516e+00
2.197750091552734375e+00
2.210760116577148438e+00
2.211450099945068359e+00
2.257420063018798828e+00
2.193330049514770508e+00
2.110539913177490234e+00
2.191699981689453125e+00
2.209330081939697266e+00
2.237730026245117188e+00
2.219640016555786133e+00
2.220720052719116211e+00
2.244009971618652344e+00
2.349189996719360352e+00
2.395020008087158203e+00
2.261919975280761719e+00
2.189800024032592773e+00
2.181260108947753906e+00
2.202840089797973633e+00
2.118370056152343750e+00
2.169950008392333984e+00
2.273849964141845703e+00
2.163079977035522461e+00
2.106679916381835938e+00
2.096760034561157227e+00
2.112890005111694336e+00
2.278529882431030273e+00
2.199290037155151367e+00
2.178750038146972656e+00
2.292299985885620117e+00
2.375730037689208984e+00
2.330450057983398438e+00
2.204149961471557617e+00
2.235660076141357422e+00
2.189960002899169922e+00
2.120850086212158203e+00
2.184370040893554688e+00
2.140089988708496094e+00
2.163089990615844727e+00
2.198780059814453125e+00
2.291229963302612305e+00
2.316839933395385742e+00
2.181360006332397461e+00
2.253580093383789062e+00
2.184799909591674805e+00
2.324429988861083984e+00
2.337569952011108398e+00
2.228009939193725586e+00
2.232460021972656250e+00
2.308609962463378906e+00
2.308650016784667969e+00
2.175470113754272461e+00
2.293100118637084961e+00
2.195950031280517578e+00
2.189729928970336914e+00
2.217459917068481445e+00
2.180020093917846680e+00
2.207050085067749023e+00
2.199830055236816406e+00
2.267309904098510742e+00
2.391849994659423828e+00
2.367810010910034180e+00
2.391920089721679688e+00
2.385760068893432617e+00
2.397380113601684570e+00
2.380899906158447266e+00
2.393290042877197266e+00
2.375679969787597656e+00
2.382529973983764648e+00
2.404659986495971680e+00
2.401089906692504883e+00
2.424230098724365234e+00
2.287509918212890625e+00
2.180740118026733398e+00
2.287729978561401367e+00
2.118720054626464844e+00
2.270509958267211914e+00
2.320430040359497070e+00
2.182569980621337891e+00
2.216789960861206055e+00
2.239269971847534180e+00
2.229820013046264648e+00
2.236860036849975586e+00
2.256720066070556641e+00
2.247050046920776367e+00
2.238110065460205078e+00
2.238640069961547852e+00
2.236900091171264648e+00
2.252700090408325195e+00
2.321870088577270508e+00
2.229269981384277344e+00
2.072170019149780273e+00
2.118489980697631836e+00
2.123070001602172852e+00
2.151880025863647461e+00
2.148570060729980469e+00
2.147249937057495117e+00
2.146549940109252930e+00
2.170700073242187500e+00
2.160860061645507812e+00
2.158279895782470703e+00
2.151439905166625977e+00
2.141269922256469727e+00
2.121010065078735352e+00
2.185060024261474609e+00
2.165359973907470703e+00
2.233880043029785156e+00
2.242340087890625000e+00
2.219980001449584961e+00
2.254149913787841797e+00
2.313790082931518555e+00
2.250930070877075195e+00
2.177360057830810547e+00
2.145849943161010742e+00
2.170059919357299805e+00
2.133919954299926758e+00
2.091320037841796875e+00
2.136869907379150391e+00
2.327260017395019531e+00
2.360709905624389648e+00
2.351200103759765625e+00
2.190310001373291016e+00
2.164190053939819336e+00
2.284499883651733398e+00
2.315670013427734375e+00
2.339780092239379883e+00
2.363940000534057617e+00
2.293669939041137695e+00
2.318639993667602539e+00
2.223949909210205078e+00
2.223710060119628906e+00
2.208920001983642578e+00
2.253099918365478516e+00
2.315000057220458984e+00
2.403429985046386719e+00
2.241770029067993164e+00
2.237329959869384766e+00
2.225389957427978516e+00
2.300539970397949219e+00
2.369029998779296875e+00
2.328150033950805664e+00
2.368000030517578125e+00
2.386039972305297852e+00
2.305579900741577148e+00
2.236190080642700195e+00
2.242579936981201172e+00
2.267349958419799805e+00
2.254600048065185547e+00
2.236320018768310547e+00
2.257440090179443359e+00
2.221349954605102539e+00
2.194829940795898438e+00
2.240299940109252930e+00
2.239459991455078125e+00
2.261120080947875977e+00
2.301860094070434570e+00
2.241060018539428711e+00
2.313829898834228516e+00
2.398370027542114258e+00
2.386270046234130859e+00
2.386749982833862305e+00
2.389659881591796875e+00
2.402729988098144531e+00
2.413170099258422852e+00
2.408319950103759766e+00
2.399049997329711914e+00
2.389590024948120117e+00
2.391180038452148438e+00
2.399049997329711914e+00
2.406559944152832031e+00
2.415790081024169922e+00
2.406359910964965820e+00
2.406699895858764648e+00
2.404690027236938477e+00
2.406790018081665039e+00
2.409080028533935547e+00
2.397480010986328125e+00
2.406029939651489258e+00
2.416369915008544922e+00
2.413739919662475586e+00
2.379189968109130859e+00
2.375960111618041992e+00
2.392590045928955078e+00
2.393029928207397461e+00
2.332020044326782227e+00
2.352910041809082031e+00
2.420890092849731445e+00
2.301579952239990234e+00
2.331899881362915039e+00
2.399460077285766602e+00
2.395730018615722656e+00
2.387190103530883789e+00
2.374840021133422852e+00
2.384259939193725586e+00
2.376719951629638672e+00
2.378809928894042969e+00
2.356940031051635742e+00
2.386960029602050781e+00
2.394860029220581055e+00
2.382009983062744141e+00
2.426280021667480469e+00
2.417320013046264648e+00
2.415970087051391602e+00
2.408890008926391602e+00
2.413990020751953125e+00
2.412539958953857422e+00
2.412830114364624023e+00
2.400019884109497070e+00
2.405270099639892578e+00
2.406759977340698242e+00
2.404500007629394531e+00
2.388309955596923828e+00
2.381050109863281250e+00
2.397650003433227539e+00
2.391740083694458008e+00
2.395210027694702148e+00
2.404350042343139648e+00
2.405750036239624023e+00
2.376859903335571289e+00
2.397929906845092773e+00
2.388750076293945312e+00
2.391530036926269531e+00
2.413100004196166992e+00
2.410959959030151367e+00
2.417160034179687500e+00
2.407560110092163086e+00
2.398070096969604492e+00
2.413739919662475586e+00
2.407380104064941406e+00
2.402659893035888672e+00
2.408149957656860352e+00
