-2.506805839487031076e-03
-1.759430312601660031e-03
-2.642366860492063180e-04
1.929289483549118112e-03
4.623085812148256500e-03
7.467188760905746868e-03
9.913237564585380274e-03
1.117011262371005523e-02
1.029331954148259357e-02
6.509763118109329616e-03
-2.951847477013908039e-04
-9.193079422683905072e-03
-1.822141488460386066e-02
-2.488387012307552437e-02
-2.696207323297331038e-02
-2.329587055222897413e-02
-1.422221105729791144e-02
-1.522182703452479606e-03
1.209782522783984723e-02
2.381583231242685728e-02
3.150099741500983486e-02
3.418272439744596269e-02
3.197692934105367951e-02
2.557470668909888126e-02
1.571280883421706520e-02
3.082777141237051655e-03
-1.122624555956453288e-02
-2.518681127498095113e-02
-3.586702631190026580e-02
-4.035853047435568330e-02
-3.717904587724833732e-02
-2.721031848237553258e-02
-1.343176641614741811e-02
4.595456402149891012e-04
1.164719071368880768e-02
1.900646363900072855e-02
2.278983554346126691e-02
2.370970971922224668e-02
2.227589417083547171e-02
1.883048851061440432e-02
1.399700833162168846e-02
8.890549677630458017e-03
4.720222178817214988e-03
2.053485242057792939e-03
4.050073577558568200e-04
-1.402442975267014988e-03
-4.298601968537008391e-03
-8.150073915634055421e-03
-1.170473253971902883e-02
-1.334994237395887434e-02
-1.213458348267126494e-02
-8.362727576795569995e-03
-3.443809926249433856e-03
7.889335702356507080e-04
2.824476201294567196e-03
1.944614190112665952e-03
-1.631542012756546835e-03
-6.811569271692504389e-03
-1.182256033060175709e-02
-1.456764198407879511e-02
-1.320067223913462366e-02
-6.847919284660018702e-03
3.773709353246371481e-03
1.618332542330187113e-02
2.666097946611612271e-02
3.145991645027510636e-02
2.834280690436086908e-02
1.779013151958877548e-02
3.190483026219671434e-03
-1.032840927615922069e-02
-1.808859694492096284e-02
-1.805792180233619162e-02
-1.185330237210898557e-02
-3.904596859871007491e-03
8.388142170466291597e-04
-5.672411791745879395e-04
-7.633568755840883235e-03
-1.677232847956497061e-02
-2.311257471480238079e-02
-2.283450416492378149e-02
-1.491972759475734822e-02
-1.568453328292302232e-03
1.282262298097539346e-02
2.356504122863225734e-02
2.752918926137702671e-02
2.411822071868453127e-02
1.508238835915037476e-02
3.499676697389663554e-03
-7.449776775118533562e-03
-1.539478106774750180e-02
-1.916945473266504912e-02
-1.876903690004260924e-02
-1.504831190363052802e-02
-9.322309986245560023e-03
-2.962773841908128425e-03
2.950499155701041126e-03
7.845153550834422021e-03
1.164184352873174483e-02
1.448679051625135702e-02
1.638499197923786246e-02
1.702637447576229798e-02
1.601546060809169725e-02
1.340403944502701304e-02
1.011606488218552008e-02
7.821464193832779882e-03
8.129625903677356602e-03
1.144304410066280912e-02
1.614782866624530494e-02
1.880341538977995525e-02
1.555483531266295578e-02
4.255092978440518092e-03
-1.385383559579116304e-02
-3.406541978246397512e-02
-5.005408745407560062e-02
-5.670204335928938355e-02
-5.225698097248369228e-02
-3.864755378793435781e-02
-2.009722694144833524e-02
-1.217055750482668938e-03
1.430154550227994217e-02
2.417158308198606720e-02
2.766125806722936897e-02
2.574716386040779709e-02
2.096370709442194752e-02
1.644385870194159383e-02
1.428774199232861128e-02
1.425838733608671485e-02
1.391190519059764749e-02
1.033356630019811179e-02
2.396001760595586547e-03
-8.054088816873715417e-03
-1.698237980052786159e-02
-2.044734150368270054e-02
-1.686200002791026289e-02
-7.790199856546821573e-03
3.089620446251745145e-03
1.197215523825649261e-02
1.651310391434427857e-02
1.625023700710120575e-02
1.211173485481618385e-02
5.788112402557252928e-03
-5.992462761618098932e-04
-4.786623460483162285e-03
-5.073208157873623086e-03
-1.380355237760658160e-03
4.078228653044028290e-03
7.329978476716285385e-03
4.480474255974684072e-03
-5.990863257520396418e-03
-2.176491786306485737e-02
-3.699359144701130919e-02
-4.447603290492971317e-02
-3.889077313015285031e-02
-1.968803092145937628e-02
7.822183382210152330e-03
3.405979840938365422e-02
4.910378229525564492e-02
4.725815878317430468e-02
2.988836932552210029e-02
4.856660584695863397e-03
-1.726945836222481059e-02
-2.819497815134933139e-02
-2.539548938227802893e-02
-1.249282915919816550e-02
3.229370588276693488e-03
1.443847695422862017e-02
1.659139238986949080e-02
9.057464003227148897e-03
-5.256528239568465655e-03
-2.107356358049449277e-02
-3.227913995686647330e-02
-3.378462876254575281e-02
-2.352823440581040468e-02
-3.802644222422248144e-03
1.916699631838616677e-02
3.772291045787219688e-02
4.625104025976688876e-02
4.360702203732438886e-02
3.298885037262771353e-02
1.946301735499365859e-02
6.927163934698827089e-03
-3.487943754779720788e-03
-1.279647889932332590e-02
-2.215531110290810957e-02
-3.111772202571588125e-02
-3.732542951417536226e-02
-3.767636179202833724e-02
-3.010045182436589875e-02
-1.492726775824601559e-02
4.741365855443480798e-03
2.374130862604244274e-02
3.643146789332075280e-02
3.873386288312392900e-02
2.991098455374335136e-02
1.317035235223250333e-02
-5.487452023823058411e-03
-1.983450211502275212e-02
-2.609422994231268278e-02
-2.424460971170588203e-02
-1.729262143080287709e-02
-9.132118669744308456e-03
-2.378930270995258806e-03
2.582726870045312303e-03
6.960875234094939662e-03
1.190248699759599918e-02
1.699460695848407574e-02
2.004224915162619927e-02
1.849187190940240061e-02
1.167996154958000563e-02
2.211477763050591350e-03
-4.936069389462616197e-03
-5.415210089456577724e-03
1.337719873025410011e-03
1.120870245356965847e-02
1.768903285025354502e-02
1.586856212042073166e-02
5.334074754619250180e-03
-1.000047478373494378e-02
-2.476840665791382734e-02
-3.538516816354241035e-02
-4.118792792240547063e-02
-4.281434039990172913e-02
-3.946522640626219658e-02
-2.777066911195665358e-02
-3.913093049804264312e-03
3.192894098982287931e-02
7.203113731621177407e-02
1.018072468819933296e-01
1.055969847515180748e-01
7.487785069918269365e-02
1.410654347143885240e-02
-5.961626533307803205e-02
-1.232944406511724683e-01
-1.576557600585577756e-01
-1.545778393994380051e-01
-1.188089593627003893e-01
-6.387275879786541433e-02
-5.089314764840539157e-03
4.633811836840001641e-02
8.549238827903195281e-02
1.120129874734241554e-01
1.265249445588854660e-01
1.279926055653904937e-01
1.137607798324548614e-01
8.211260226248330574e-02
3.551994227119563419e-02
-1.772839484630224505e-02
-6.500502054212010938e-02
-9.373033826525979662e-02
-9.672897375824107691e-02
-7.571081495744591550e-02
-4.065186882634799076e-02
-5.001517901513548303e-03
2.075760407498408039e-02
3.340308423712476382e-02
3.658011257399848559e-02
3.634277104701945371e-02
3.604792532558832169e-02
3.427790942560489384e-02
2.697152110413050113e-02
1.170112399319599150e-02
-9.409621216155739098e-03
-3.030410274364340670e-02
-4.448259760899662962e-02
-4.863031558025035506e-02
-4.380336854471551800e-02
-3.361681261172308477e-02
-2.111933713207598054e-02
-6.867592780495399701e-03
1.035265589487603319e-02
3.079585043437527148e-02
5.123020960421423992e-02
6.479791650310878781e-02
6.385089187918359388e-02
4.429585596254099339e-02
8.834788247298098335e-03
-3.301685365982668513e-02
-6.843666872431715398e-02
-8.661863997884945710e-02
-8.319791184260033612e-02
-6.160898846939801693e-02
-3.091831432155966314e-02
-1.495201547808709674e-03
1.920098638801777391e-02
2.882126228359842279e-02
2.969923421367058614e-02
2.653386904382309952e-02
2.364564774594039506e-02
2.313556442526471316e-02
2.454364572684529511e-02
2.576561438263471476e-02
2.447126913992101263e-02
1.924662466390482385e-02
1.004471137452703743e-02
-1.997404012275358180e-03
-1.501102755027857935e-02
-2.675670569876963806e-02
-3.479937613432347587e-02
-3.671942831663629198e-02
-3.067682093531648446e-02
-1.637971096216769146e-02
3.977100178510446782e-03
2.555638312730358630e-02
4.204618044862308557e-02
4.795355370106699905e-02
4.101372836871721578e-02
2.341593450395464127e-02
1.067325533332691423e-03
-1.883166469518122998e-02
-3.069857128237349353e-02
-3.253964978676704423e-02
-2.614575134550842575e-02
-1.567766947908806954e-02
-5.574441130836695069e-03
1.153884801464416521e-03
3.634469046943231835e-03
2.840137688940133631e-03
7.007624444087777460e-04
-8.864963379862835641e-04
-7.599242032816384135e-04
1.282538725156863110e-03
4.692584032392112942e-03
8.568500551723864239e-03
1.195853678990058122e-02
1.396791815054173810e-02
1.381010724952007156e-02
1.100829532770517850e-02
5.754820302624532105e-03
-8.405050577823189317e-04
-6.947318206010437078e-03
-1.073134166589915887e-02
-1.126024370837769642e-02
-9.042159476951378699e-03
-5.796937102315724739e-03
-3.523138517355798270e-03
-3.387671433344169661e-03
-5.106254626399916487e-03
-7.187721561296074937e-03
-7.870943159753096205e-03
-6.159048463044655003e-03
-2.337402229098764841e-03
2.262623341702770310e-03
6.015168685473490026e-03
7.780121818746676444e-03
7.320125551757855793e-03
5.249205061405118680e-03
2.651636409328944621e-03
5.943689710715648056e-04
-2.758780976426164488e-04
7.620775662513928905e-05
