2.475971435546875000e+03
2.483018798828125000e+03
2.460070556640625000e+03
2.459552001953125000e+03
2.488309326171875000e+03
2.523208007812500000e+03
2.459762939453125000e+03
2.503412353515625000e+03
2.465732666015625000e+03
2.631701660156250000e+03
2.600337890625000000e+03
2.427118164062500000e+03
2.495980957031250000e+03
2.463542480468750000e+03
2.483137207031250000e+03
2.404903320312500000e+03
2.444064453125000000e+03
2.453833496093750000e+03
2.466590332031250000e+03
2.485960205078125000e+03
2.565418457031250000e+03
2.549767089843750000e+03
2.566357421875000000e+03
2.514092041015625000e+03
2.558768554687500000e+03
2.577858154296875000e+03
2.581045166015625000e+03
2.528756347656250000e+03
2.559392089843750000e+03
2.532861816406250000e+03
2.622370361328125000e+03
2.520720458984375000e+03
2.561469482421875000e+03
2.708231933593750000e+03
2.497718017578125000e+03
2.507576416015625000e+03
2.493835937500000000e+03
2.548855224609375000e+03
2.573055419921875000e+03
2.582082275390625000e+03
2.586361816406250000e+03
2.602617919921875000e+03
2.564154541015625000e+03
2.555512695312500000e+03
2.597075683593750000e+03
2.644722167968750000e+03
2.633589355468750000e+03
2.564937744140625000e+03
2.545127197265625000e+03
2.576946777343750000e+03
2.560168945312500000e+03
2.566236328125000000e+03
2.568793945312500000e+03
2.558722412109375000e+03
2.530362792968750000e+03
2.559959716796875000e+03
2.576627197265625000e+03
2.544172119140625000e+03
2.534840332031250000e+03
2.547120117187500000e+03
2.531511962890625000e+03
2.493551757812500000e+03
2.503594238281250000e+03
2.562214599609375000e+03
2.590679199218750000e+03
2.593654052734375000e+03
2.541121582031250000e+03
2.922213134765625000e+03
2.889689941406250000e+03
2.749358398437500000e+03
2.711628417968750000e+03
2.763686279296875000e+03
2.824750488281250000e+03
2.823305175781250000e+03
2.816622314453125000e+03
2.530366455078125000e+03
2.551129882812500000e+03
2.918922851562500000e+03
2.711911376953125000e+03
2.787242431640625000e+03
2.660024658203125000e+03
2.503353515625000000e+03
2.815005126953125000e+03
2.848024414062500000e+03
2.496902099609375000e+03
2.581112792968750000e+03
2.948695800781250000e+03
2.731471679687500000e+03
2.712811767578125000e+03
2.520327148437500000e+03
2.571042968750000000e+03
2.505988281250000000e+03
2.541883789062500000e+03
2.492014648437500000e+03
2.701277587890625000e+03
2.724413085937500000e+03
2.755737792968750000e+03
2.854797119140625000e+03
2.723892822265625000e+03
2.802388427734375000e+03
3.015736572265625000e+03
3.083502441406250000e+03
3.107746582031250000e+03
2.851148193359375000e+03
2.959604980468750000e+03
3.049687988281250000e+03
2.987646972656250000e+03
3.031544433593750000e+03
3.028519531250000000e+03
3.024231689453125000e+03
3.241296386718750000e+03
3.133726562500000000e+03
3.028347900390625000e+03
2.870771484375000000e+03
2.829112792968750000e+03
2.849516357421875000e+03
2.955566650390625000e+03
2.943676757812500000e+03
2.765572753906250000e+03
2.714373779296875000e+03
2.765198974609375000e+03
2.961386474609375000e+03
2.854784912109375000e+03
2.705370361328125000e+03
2.787731933593750000e+03
2.831723388671875000e+03
2.935406738281250000e+03
2.921556884765625000e+03
2.794378173828125000e+03
2.933589355468750000e+03
2.944129882812500000e+03
2.751079589843750000e+03
2.611094726562500000e+03
2.511121337890625000e+03
2.798932861328125000e+03
3.019671142578125000e+03
2.937769287109375000e+03
2.822706787109375000e+03
2.907311035156250000e+03
2.916192382812500000e+03
2.988320800781250000e+03
2.926498779296875000e+03
2.952382080078125000e+03
2.947766113281250000e+03
2.896021728515625000e+03
2.798974121093750000e+03
2.796325439453125000e+03
2.935260986328125000e+03
2.787872070312500000e+03
2.513499511718750000e+03
2.668271484375000000e+03
2.609489013671875000e+03
2.658028076171875000e+03
2.703153320312500000e+03
2.435483886718750000e+03
2.823991943359375000e+03
3.073404541015625000e+03
2.910737548828125000e+03
2.751567382812500000e+03
2.671984619140625000e+03
2.546315917968750000e+03
2.641966308593750000e+03
2.606590576171875000e+03
2.695456787109375000e+03
2.617293945312500000e+03
2.671389892578125000e+03
2.644378662109375000e+03
2.641567626953125000e+03
2.637574707031250000e+03
2.654675048828125000e+03
2.751485595703125000e+03
2.636684570312500000e+03
2.455848144531250000e+03
2.566539794921875000e+03
2.825863525390625000e+03
2.920565673828125000e+03
2.890463623046875000e+03
2.823082519531250000e+03
2.746523681640625000e+03
2.615003906250000000e+03
2.631471923828125000e+03
2.657652343750000000e+03
2.688772949218750000e+03
2.683992187500000000e+03
2.604077636718750000e+03
2.541924316406250000e+03
2.534955566406250000e+03
2.573107910156250000e+03
2.540305419921875000e+03
2.554838378906250000e+03
2.527940429687500000e+03
2.635308837890625000e+03
2.934529541015625000e+03
3.159265136718750000e+03
2.886298095703125000e+03
2.708683105468750000e+03
2.656996582031250000e+03
2.876085937500000000e+03
2.857233154296875000e+03
2.832140869140625000e+03
2.768608154296875000e+03
2.850952880859375000e+03
2.805529541015625000e+03
2.848010253906250000e+03
2.906085205078125000e+03
2.751397705078125000e+03
2.761664550781250000e+03
2.990642333984375000e+03
3.079239257812500000e+03
3.033937988281250000e+03
2.978681152343750000e+03
2.848666992187500000e+03
3.067471191406250000e+03
3.051457519531250000e+03
3.301347167968750000e+03
3.161716308593750000e+03
2.910001220703125000e+03
3.041168212890625000e+03
3.033566650390625000e+03
2.737067382812500000e+03
2.903030273437500000e+03
3.080550292968750000e+03
2.966091552734375000e+03
2.963496826171875000e+03
2.600541259765625000e+03
2.554742187500000000e+03
2.807863525390625000e+03
2.823152099609375000e+03
3.066459228515625000e+03
3.413206298828125000e+03
3.000283691406250000e+03
2.716394042968750000e+03
2.749743896484375000e+03
2.708398437500000000e+03
2.537575195312500000e+03
2.529880859375000000e+03
2.702992675781250000e+03
2.640863525390625000e+03
2.531935546875000000e+03
2.585650878906250000e+03
2.822390869140625000e+03
3.029888427734375000e+03
3.105903320312500000e+03
3.226560058593750000e+03
3.092069824218750000e+03
3.318379150390625000e+03
3.272866699218750000e+03
3.291246093750000000e+03
3.060091308593750000e+03
3.086957519531250000e+03
2.969623046875000000e+03
3.029477783203125000e+03
3.238785156250000000e+03
3.558642333984375000e+03
3.132775146484375000e+03
3.148792480468750000e+03
3.149562255859375000e+03
3.205858154296875000e+03
3.448005859375000000e+03
3.320095458984375000e+03
3.272712402343750000e+03
3.229634521484375000e+03
3.169911865234375000e+03
3.120546142578125000e+03
3.136463623046875000e+03
3.249873779296875000e+03
3.169801025390625000e+03
3.188203369140625000e+03
3.253561523437500000e+03
2.976439208984375000e+03
3.012304687500000000e+03
3.301484619140625000e+03
3.159162353515625000e+03
3.224706298828125000e+03
3.361883300781250000e+03
3.190082763671875000e+03
3.209231445312500000e+03
2.569212158203125000e+03
2.717728271484375000e+03
2.620709716796875000e+03
2.625792236328125000e+03
2.602016845703125000e+03
2.667539062500000000e+03
2.667065673828125000e+03
2.674091796875000000e+03
2.649218017578125000e+03
2.675007080078125000e+03
2.657556884765625000e+03
2.679565185546875000e+03
2.698208496093750000e+03
2.754541503906250000e+03
2.768505126953125000e+03
2.750294433593750000e+03
2.782323242187500000e+03
2.776008544921875000e+03
2.739465087890625000e+03
2.717382812500000000e+03
2.708927490234375000e+03
2.719768310546875000e+03
2.699685791015625000e+03
2.643889892578125000e+03
2.671739257812500000e+03
2.630086669921875000e+03
2.958081542968750000e+03
3.020697998046875000e+03
2.603540039062500000e+03
3.169454101562500000e+03
2.949656005859375000e+03
2.634065673828125000e+03
2.723288574218750000e+03
2.737349121093750000e+03
2.791384765625000000e+03
2.766218505859375000e+03
2.723864990234375000e+03
2.679684570312500000e+03
2.853777587890625000e+03
2.775818115234375000e+03
2.678011230468750000e+03
2.701826171875000000e+03
2.667714843750000000e+03
2.715379638671875000e+03
2.732454345703125000e+03
2.715453125000000000e+03
2.689670166015625000e+03
2.715577392578125000e+03
2.755401855468750000e+03
2.776234863281250000e+03
2.760883056640625000e+03
2.766245849609375000e+03
2.708204833984375000e+03
2.734712890625000000e+03
2.708305419921875000e+03
2.673861328125000000e+03
2.712202880859375000e+03
2.727523925781250000e+03
2.694670410156250000e+03
2.689430419921875000e+03
2.662147949218750000e+03
2.626300537109375000e+03
2.635593017578125000e+03
2.673902099609375000e+03
2.659699951171875000e+03
2.611598144531250000e+03
2.653377929687500000e+03
2.644788818359375000e+03
2.672739746093750000e+03
2.660422363281250000e+03
2.655621826171875000e+03
2.616821044921875000e+03
2.666348388671875000e+03
