-1.812237273629182258e-61
-1.600263108179012674e-59
-1.315482419725722282e-57
-1.006673765113553142e-55
-7.171249952900350980e-54
-4.755490800575422141e-52
-2.935497797220997700e-50
-1.686728571041945216e-48
-9.021448941926058058e-47
-4.491228458362950118e-45
-2.081140053158971650e-43
-8.975811656551689502e-42
-3.603053639993701709e-40
-1.346108023705601166e-38
-4.680455824831828071e-37
-1.514542590331104988e-35
-4.560842760335366166e-34
-1.278095146012269972e-32
-3.332874116012939635e-31
-8.087127648606194647e-30
-1.825871149672178794e-28
-3.835533759116685506e-27
-7.496167202025112749e-26
-1.362971462856306313e-24
-2.305381257868559450e-23
-3.627268442705649736e-22
-5.308450872608507354e-21
-7.225615049401062950e-20
-9.146727490191682224e-19
-1.076719219815928331e-17
-1.178537583027540237e-16
-1.199342417916131265e-15
-1.134623745064585385e-14
-9.977335663436593217e-14
-8.154000901274035964e-13
-6.192318126335930355e-12
-4.369054315328299417e-11
-2.863452188979565291e-10
-1.742878906269181125e-09
-9.849492519748527715e-09
-5.166666052471666095e-08
-2.514899600582558006e-07
-1.135503354777753342e-06
-4.753715889293913917e-06
-1.844356558570643892e-05
-6.627908240673834116e-05
-2.204626445953135046e-04
-6.782171363456273357e-04
-1.927746964000164563e-03
-5.056508588770085126e-03
-1.222101256506813102e-02
-2.716234060872399839e-02
-5.537428694480247410e-02
-1.031818758166667543e-01
-1.748604890051132232e-01
-2.675150409045142785e-01
-3.650952096125788526e-01
-4.352063611921322406e-01
-4.336279008278475233e-01
-3.194399560777530511e-01
-7.758190622615454557e-02
2.617990055878860467e-01
6.209286473131832018e-01
8.965125891674359249e-01
1.000000000000000000e+00
8.965125891674134984e-01
6.209286473131461204e-01
2.617990055878454680e-01
-7.758190622618782450e-02
-3.194399560777728686e-01
-4.336279008278533520e-01
-4.352063611921275221e-01
-3.650952096125687496e-01
-2.675150409045032873e-01
-1.748604890051039806e-01
-1.031818758166602179e-01
-5.537428694479838709e-02
-2.716234060872170855e-02
-1.222101256506699304e-02
-5.056508588769568179e-03
-1.927746963999949674e-03
-6.782171363455462374e-04
-2.204626445952849901e-04
-6.627908240672913899e-05
-1.844356558570373181e-05
-4.753715889293180387e-06
-1.135503354777567630e-06
-2.514899600582127078e-07
-5.166666052470742300e-08
-9.849492519746658286e-09
-1.742878906268843222e-09
-2.863452188978979027e-10
-4.369054315327372717e-11
-6.192318126334569223e-12
-8.154000901272156834e-13
-9.977335663434186244e-14
-1.134623745064311019e-14
-1.199342417915824201e-15
-1.178537583027229869e-16
-1.076719219815636977e-17
-9.146727490189074515e-19
-7.225615049399002205e-20
-5.308450872606991436e-21
-3.627268442704537248e-22
-2.305381257867851509e-23
-1.362971462855877809e-24
-7.496167202022702067e-26
-3.835533759115397657e-27
-1.825871149671539353e-28
-8.087127648603361222e-30
-3.332874116011724884e-31
-1.278095146011803876e-32
-4.560842760333637636e-34
-1.514542590330509229e-35
-4.680455824829921221e-37
-1.346108023705071311e-38
-3.603053639992232292e-40
-8.975811656547901767e-42
-2.081140053158093060e-43
-4.491228458360989868e-45
-9.021448941922246461e-47
-1.686728571041184659e-48
-2.935497797219674018e-50
-4.755490800573209971e-52
-7.171249952897015012e-54
-1.006673765113070475e-55
-1.315482419725091497e-57
-1.600263108178245285e-59
